--- !Solution
A0: -151.0087029889206
A1: -85.612615
Am: 0.0010159633114033082
Amr: 984.2875119365691
BRT: 98.7068806940929
D: -1.3424827255936077e-07
RT: 7.675496165948127
computed_steps: 785
delx: 0.003913894324853229
delx2: 1.531856878611831e-05
eps2: 0.08133198955658544
params: !Parameters
  B: 12.86
  L: 2
  M: 2e-11
  N: 512
  N_A: 6.02214076e+23
  R: 0.0083144626181532
  Uinit_file: null
  XXX: 0.89
  adaptive_time: false
  compress_csv: true
  delt: 1e-11
  delt_max: 9e-11
  export_csv: E,E2,SA
  file_id: 0.89-uniform-2023-independent-run173
  full_sim: false
  func_A0: params.func_A0=lambda temp:chsimpy.utils.A0(temp)*fac_A0
  func_A1: params.func_A1=lambda temp:chsimpy.utils.A1(temp)*fac_A1
  generator: null
  jitter: null
  kappa: 0.2851876392072164
  kappa_base: 30
  no_diagrams: false
  no_gui: true
  ntmax: 1000000
  png: true
  png_anim: false
  seed: 2023
  temp: 923.15
  threshold: 0.89
  time_max: null
  update_every: null
  version: 1.1.0
  yaml: true
restime: 0
stop_reason: energy
t0: 1374.533626666654
tau0: 785
time_fac: 1.7532316666666667
