--- !Solution
A0: -151.26151
A1: -85.612615
Am: 0.0010159633114033082
Amr: 984.2875119365691
BRT: 98.7068806940929
D: -1.3424827255936077e-07
RT: 7.675496165948127
computed_steps: 34907
delx: 0.003913894324853229
delx2: 1.531856878611831e-05
eps2: 0.08133198955658544
it: 0
params: !Parameters
  B: 12.86
  L: 2
  M: 2e-11
  N: 512
  N_A: 6.02214076e+23
  R: 0.0083144626181532
  XXX: 0.875
  adaptive_time: false
  compress_csv: false
  delt: 1e-11
  delt_max: 9e-11
  export_csv: E2,E,U,SA
  file_id: paper-pic-1020min-0.875
  full_sim: true
  func_A0: self.func_A0=lambda temp:utils.A0(temp)
  func_A1: self.func_A1=lambda temp:utils.A1(temp)
  generator: null
  jitter: null
  kappa: 0.2851876392072164
  kappa_base: 30
  no_diagrams: true
  no_gui: true
  ntmax: 1000000
  png: true
  png_anim: false
  seed: 2023
  temp: 923.15
  threshold: 0.875
  time_max: 1020.0
  update_every: null
  version: 0.9+7.gc19f9bf.dirty
  yaml: true
restime: 0
stop_reason: time-limit
t: 0
t0: 2528.160063333293
tau0: 1442
time_fac: 1.7532316666666667
